0.000000000000000000e+00 5.095279638142078404e-01 4.222330414809789545e-01 5.388731528812988891e-01 1.831640323775544754e+00 1.857462206156819562e+00 1.601476453936491406e+00 1.671680128105677454e+00 1.615147680916839912e+00 1.969864485021376677e+00 1.867198683245120394e+00 1.927011947969510919e+00 1.944851069217971684e+00 1.942668114923071343e+00 1.885154827778446895e+00 1.876922290658096681e+00 1.887687520745728653e+00 1.921672545844208990e+00
5.095279638142078404e-01 0.000000000000000000e+00 3.785734084672836564e-01 8.040425249344883563e-01 1.804875026738222088e+00 1.675704854272080269e+00 1.510119600141869967e+00 1.742883424693766115e+00 1.564929601093062894e+00 1.862651890913694652e+00 1.839419530686243753e+00 1.940782592513363491e+00 1.866508355647519268e+00 1.931478809052749934e+00 1.819183484695369390e+00 1.843748836244280653e+00 1.846477067563027319e+00 1.865394332398362831e+00
4.222330414809789545e-01 3.785734084672836564e-01 0.000000000000000000e+00 5.809643158097820281e-01 1.897093844282528696e+00 1.718869743162353636e+00 1.465627353699850532e+00 1.670905611260955048e+00 1.532367883656201801e+00 1.870144679584431424e+00 1.831475765323696381e+00 1.942312826428573169e+00 1.886913529032985926e+00 1.919256666836291148e+00 1.824707100277137783e+00 1.838388419757433834e+00 1.849942766334488287e+00 1.878574739232945490e+00
5.388731528812988891e-01 8.040425249344883563e-01 5.809643158097820281e-01 0.000000000000000000e+00 1.810416610719059349e+00 1.885061787534852540e+00 1.382386813851888441e+00 1.427323206788550847e+00 1.553053347926685257e+00 1.896934194382637440e+00 1.811450112356373099e+00 1.820647750366001461e+00 1.858424021047756280e+00 1.819064639130642647e+00 1.803848614458843924e+00 1.754434110584007556e+00 1.783051063061392050e+00 1.822198057844880204e+00
1.831640323775544754e+00 1.804875026738222088e+00 1.897093844282528696e+00 1.810416610719059349e+00 0.000000000000000000e+00 1.182670080580888738e+00 1.318807043916044641e+00 1.148050366451715210e+00 1.258755769619391396e+00 9.332086239016085250e-01 9.833103147265231936e-01 7.229819208636177885e-01 9.200322906521321009e-01 8.074769719888224007e-01 9.423963053316358751e-01 9.184735839286876091e-01 8.771847938360958219e-01 8.544926318605711169e-01
1.857462206156819562e+00 1.675704854272080269e+00 1.718869743162353636e+00 1.885061787534852540e+00 1.182670080580888738e+00 0.000000000000000000e+00 1.161638115983197217e+00 1.350407048112542752e+00 1.028541804205971744e+00 5.261417586863246232e-01 7.656983485496601238e-01 9.871703563393391390e-01 7.162712019189756418e-01 8.794476409328890743e-01 7.105657329141025214e-01 8.924730990573505052e-01 8.409972169801094299e-01 7.902231852024343972e-01
1.601476453936491406e+00 1.510119600141869967e+00 1.465627353699850532e+00 1.382386813851888441e+00 1.318807043916044641e+00 1.161638115983197217e+00 0.000000000000000000e+00 6.558869680910212052e-01 6.845888169916420907e-01 1.042237641173007656e+00 1.015291066315833435e+00 1.033811919497184206e+00 9.102737947197000468e-01 9.567002492661424995e-01 8.367763900767575258e-01 7.596745769973832774e-01 7.830103287271601431e-01 8.409250695589254310e-01
1.671680128105677454e+00 1.742883424693766115e+00 1.670905611260955048e+00 1.427323206788550847e+00 1.148050366451715210e+00 1.350407048112542752e+00 6.558869680910212052e-01 0.000000000000000000e+00 8.134177116486742687e-01 1.094629622817685943e+00 8.697639479381672478e-01 7.525056809217011144e-01 9.024319628231650681e-01 7.311873850373633577e-01 7.860951089392190783e-01 6.034508696682113760e-01 6.820337128762811174e-01 7.445341969188434827e-01
1.615147680916839912e+00 1.564929601093062894e+00 1.532367883656201801e+00 1.553053347926685257e+00 1.258755769619391396e+00 1.028541804205971744e+00 6.845888169916420907e-01 8.134177116486742687e-01 0.000000000000000000e+00 1.022076575264863285e+00 7.073413348279468105e-01 9.937408857705706255e-01 9.616917010820702494e-01 9.122355464845536277e-01 6.741797771769018066e-01 7.069966682092365673e-01 7.440460892208596855e-01 7.936853334906619484e-01
1.969864485021376677e+00 1.862651890913694652e+00 1.870144679584431424e+00 1.896934194382637440e+00 9.332086239016085250e-01 5.261417586863246232e-01 1.042237641173007656e+00 1.094629622817685943e+00 1.022076575264863285e+00 0.000000000000000000e+00 6.762254735360411217e-01 6.441236642275481872e-01 4.096647555891729242e-01 5.213145409178664424e-01 5.577517226558522667e-01 6.439057320463693612e-01 5.843221790533494886e-01 5.155726986869245687e-01
1.867198683245120394e+00 1.839419530686243753e+00 1.831475765323696381e+00 1.811450112356373099e+00 9.833103147265231936e-01 7.656983485496601238e-01 1.015291066315833435e+00 8.697639479381672478e-01 7.073413348279468105e-01 6.762254735360411217e-01 0.000000000000000000e+00 5.578197576627060839e-01 6.570190974173165666e-01 4.524208931481703555e-01 2.891161095985385621e-01 4.201171801379656734e-01 4.702903905584838173e-01 4.271938866887764474e-01
1.927011947969510919e+00 1.940782592513363491e+00 1.942312826428573169e+00 1.820647750366001461e+00 7.229819208636177885e-01 9.871703563393391390e-01 1.033811919497184206e+00 7.525056809217011144e-01 9.937408857705706255e-01 6.441236642275481872e-01 5.578197576627060839e-01 0.000000000000000000e+00 4.803430089474227671e-01 2.144045331980950486e-01 5.003980971407752110e-01 3.895645324072081750e-01 3.715324120859043178e-01 3.398963116787889760e-01
1.944851069217971684e+00 1.866508355647519268e+00 1.886913529032985926e+00 1.858424021047756280e+00 9.200322906521321009e-01 7.162712019189756418e-01 9.102737947197000468e-01 9.024319628231650681e-01 9.616917010820702494e-01 4.096647555891729242e-01 6.570190974173165666e-01 4.803430089474227671e-01 0.000000000000000000e+00 4.123635424447680276e-01 4.750977621071881818e-01 4.677300827476744693e-01 3.732170265808398280e-01 3.403826964672529987e-01
1.942668114923071343e+00 1.931478809052749934e+00 1.919256666836291148e+00 1.819064639130642647e+00 8.074769719888224007e-01 8.794476409328890743e-01 9.567002492661424995e-01 7.311873850373633577e-01 9.122355464845536277e-01 5.213145409178664424e-01 4.524208931481703555e-01 2.144045331980950486e-01 4.123635424447680276e-01 0.000000000000000000e+00 3.707897801238544955e-01 3.019212464309814492e-01 3.002972629781093250e-01 2.499715731463632851e-01
1.885154827778446895e+00 1.819183484695369390e+00 1.824707100277137783e+00 1.803848614458843924e+00 9.423963053316358751e-01 7.105657329141025214e-01 8.367763900767575258e-01 7.860951089392190783e-01 6.741797771769018066e-01 5.577517226558522667e-01 2.891161095985385621e-01 5.003980971407752110e-01 4.750977621071881818e-01 3.707897801238544955e-01 0.000000000000000000e+00 2.379917130397362079e-01 2.486272924311714039e-01 2.343655034617347921e-01
1.876922290658096681e+00 1.843748836244280653e+00 1.838388419757433834e+00 1.754434110584007556e+00 9.184735839286876091e-01 8.924730990573505052e-01 7.596745769973832774e-01 6.034508696682113760e-01 7.069966682092365673e-01 6.439057320463693612e-01 4.201171801379656734e-01 3.895645324072081750e-01 4.677300827476744693e-01 3.019212464309814492e-01 2.379917130397362079e-01 0.000000000000000000e+00 1.676541636797201917e-01 1.750888241829173519e-01
1.887687520745728653e+00 1.846477067563027319e+00 1.849942766334488287e+00 1.783051063061392050e+00 8.771847938360958219e-01 8.409972169801094299e-01 7.830103287271601431e-01 6.820337128762811174e-01 7.440460892208596855e-01 5.843221790533494886e-01 4.702903905584838173e-01 3.715324120859043178e-01 3.732170265808398280e-01 3.002972629781093250e-01 2.486272924311714039e-01 1.676541636797201917e-01 0.000000000000000000e+00 1.677434750166392485e-01
1.921672545844208990e+00 1.865394332398362831e+00 1.878574739232945490e+00 1.822198057844880204e+00 8.544926318605711169e-01 7.902231852024343972e-01 8.409250695589254310e-01 7.445341969188434827e-01 7.936853334906619484e-01 5.155726986869245687e-01 4.271938866887764474e-01 3.398963116787889760e-01 3.403826964672529987e-01 2.499715731463632851e-01 2.343655034617347921e-01 1.750888241829173519e-01 1.677434750166392485e-01 0.000000000000000000e+00
